0.448108
0.448388
0.448155
0.447355
0.447767
0.448447
0.447421
0.447843
0.447469
0.447428
0.447939
0.447089
0.447536
0.447968
0.447542
0.446850
0.447429
0.447135
0.447321
0.446635
0.446562
0.447478
0.447315
0.446396
0.446364
0.447142
0.446994
0.446359
0.446861
0.446121
0.445574
0.445899
0.446160
0.445969
0.445589
0.445822
0.445513
0.446199
0.445400
0.445185
0.444387
0.444882
0.444291
0.443987
0.443944
0.444403
0.443006
0.442927
0.443606
0.442838
0.442258
0.442477
0.442195
0.440963
0.441937
0.441084
0.440104
0.439528
0.438971
0.437866
0.438360
0.437631
0.437513
0.437368
0.435726
0.436717
0.435488
0.434750
0.433115
0.433713
0.431972
0.432367
0.431427
0.430313
0.428757
0.427778
0.427516
0.426144
0.424290
0.423964
0.422378
0.422703
0.420368
0.418871
0.418855
0.416695
0.415611
0.413780
0.412020
0.411827
0.409806
0.407099
0.406609
0.404627
0.402438
0.400553
0.398120
0.396640
0.393771
0.391741
