0.456368
0.457394
0.456667
0.456932
0.456711
0.456799
0.457570
0.455981
0.456874
0.456714
0.457550
0.457187
0.457381
0.457089
0.456517
0.456932
0.455773
0.457136
0.456927
0.457131
0.456015
0.457886
0.455806
0.456483
0.457732
0.456398
0.457013
0.456188
0.456364
0.455094
0.456432
0.456422
0.456067
0.456133
0.455519
0.456245
0.456161
0.455464
0.455499
0.455891
0.454595
0.455718
0.454529
0.455555
0.455040
0.455555
0.455133
0.454429
0.453594
0.454345
0.453654
0.453065
0.453773
0.453904
0.452881
0.453865
0.453029
0.452878
0.452198
0.452396
0.453093
0.450900
0.450998
0.451891
0.450923
0.450982
0.449869
0.449406
0.449889
0.447777
0.447376
0.448346
0.448391
0.446988
0.446888
0.445519
0.445744
0.443770
0.444286
0.443618
0.441613
0.441596
0.441138
0.439742
0.439633
0.437480
0.438240
0.437013
0.434367
0.434567
0.433875
0.432006
0.429817
0.429285
0.428271
0.425821
0.424918
0.422806
0.421438
0.419502
0.418399
0.417718
0.415212
0.412182
0.411028
0.408420
0.404817
0.403458
0.400455
0.397913
0.394848
0.391015
0.388630
0.384909
0.382576
0.379172
0.374494
0.370840
0.367085
0.363105
0.358598
0.354156
0.347444
0.343167
0.338113
0.333108
0.325024
0.317620
0.313543
0.307180
0.299543
0.293318
0.287699
0.280451
0.275330
0.271241
0.264093
0.261047
0.256344
0.249015
0.247598
0.244957
0.242961
0.239258
0.236681
0.235801
0.232591
0.231659
0.235159
0.231848
0.227505
0.228276
0.228551
0.222014
0.223984
0.223566
0.219272
0.217191
0.217791
0.216713
0.213705
0.211514
0.213733
0.212131
0.208464
0.206031
0.205762
0.205494
0.203921
0.206510
0.205401
0.204447
0.205978
0.202995
0.201716
0.199935
0.197726
0.197961
0.198657
0.200212
0.197682
0.194646
0.196687
0.194993
0.192879
0.194636
0.194624
0.195012
0.190036
0.193445
0.189568
0.187766
0.185755
0.184717
0.188195
0.187833
0.181463
0.184540
0.181534
0.181718
0.176930
0.183474
0.179021
0.179590
0.180598
0.173264
0.171208
0.178291
0.169231
0.171661
0.170017
0.169891
0.169086
0.170509
0.172006
0.165703
0.169364
0.171654
0.162378
0.163401
0.164696
0.163977
0.162069
0.160842
0.160033
0.158966
0.154526
0.159072
0.161452
0.156376
0.159049
0.158052
0.154411
0.160858
0.156778
0.152739
0.153336
0.156018
0.150893
0.155963
0.155470
0.154750
0.150316
0.151220
0.159719
0.151347
0.153737
0.154001
0.150953
0.141259
0.150041
0.147495
0.149080
0.151110
0.148515
0.149309
0.141832
0.147215
0.144727
0.147394
0.142690
0.141092
0.152257
0.139196
0.141903
0.142430
0.139513
0.145006
0.145100
0.143194
0.148343
0.145639
0.141502
0.137563
0.143143
0.141192
0.136788
0.134489
0.136145
0.137536
0.136378
0.131957
0.134977
0.138590
0.132459
0.133468
0.139085
0.132213
0.133635
0.140945
0.135415
0.134861
0.133339
0.131938
0.137263
0.130212
0.135068
0.133128
0.134461
0.129129
0.130395
0.131950
0.126739
0.130745
0.132176
0.129309
0.139155
0.131035
0.131638
0.134511
0.131825
0.132107
0.134744
0.135415
0.128812
0.134345
0.128832
0.129278
0.133231
0.134924
0.126712
0.131728
0.130586
0.127892
0.134872
0.130067
0.127234
0.135304
0.136109
0.128729
0.130097
0.132813
0.131643
0.127487
0.128635
0.129654
0.131516
0.129175
0.124577
0.128769
0.130315
0.127967
0.125061
0.126119
0.123466
0.128543
0.121847
0.126744
0.130747
0.129522
0.124639
0.125976
0.129769
0.120046
0.127527
0.123025
0.127498
0.124545
0.124778
0.121814
0.127778
0.121381
0.124160
0.118860
0.115853
0.127135
0.113494
0.118106
0.120173
0.123168
0.122669
0.126458
0.123967
0.124347
0.125870
0.119685
0.125633
0.125465
0.127658
0.123583
0.123900
0.123401
0.125128
0.121486
0.126210
0.126503
0.120350
0.120247
0.120805
0.120606
0.121386
0.122302
0.118488
0.122053
0.123264
0.129892
0.122070
0.121188
0.121282
0.123165
0.120840
0.118750
0.125560
0.122283
0.121475
0.117340
0.121619
0.117075
0.120067
0.124383
0.118413
0.121160
0.118929
0.122254
0.122154
0.123128
0.123641
0.117755
0.115586
0.122040
0.123813
0.117692
0.125997
0.121574
0.122633
0.120336
0.116041
0.117351
0.122124
0.117746
0.126989
0.112547
0.112377
0.118216
0.116561
0.121093
0.125552
0.116278
0.118983
0.116515
0.116762
0.111169
0.116829
0.115541
0.118745
0.115516
0.117395
0.118424
0.126225
0.121714
0.119108
0.114183
0.122716
0.120161
0.119540
0.116629
0.113082
0.118675
0.118110
0.121144
0.125386
0.118010
0.114400
0.120254
0.114904
0.120033
0.116157
0.117468
0.114632
0.119539
0.114804
0.118257
0.118715
0.119661
0.118045
0.121451
0.118839
0.115984
0.115160
0.115095
0.112092
0.123065
0.113713
0.115209
0.116428
0.112085
0.120852
0.118051
0.111835
0.112349
0.112794
0.122650
0.115584
0.118514
0.118898
0.115413
0.114778
0.109933
0.116743
0.112197
0.117389
0.110790
0.113180
0.111180
0.117644
0.113527
0.117890
0.113483
0.114379
0.113788
0.116618
0.114634
0.110368
0.117339
0.119554
0.115441
0.111785
0.108845
0.118060
0.115040
0.117380
0.115241
0.112583
0.112644
0.109689
0.121114
0.112257
0.111613
0.112612
0.111305
0.115078
0.109660
0.110918
0.118873
0.114345
0.116477
0.110855
0.120642
0.112488
0.105580
0.109916
0.117473
0.110498
0.108562
0.116476
0.112844
0.112948
0.109765
0.113233
0.108814
0.111986
0.113132
0.110098
0.114151
0.113786
0.113164
0.104934
0.113195
0.112624
0.112080
0.109988
0.110940
0.103118
0.114771
0.107905
0.107241
0.110890
0.112887
0.112236
0.117313
0.108620
0.116283
0.108951
0.110061
0.111378
0.110996
0.108583
0.112047
0.110917
0.109294
0.106231
0.105664
0.100219
0.106740
0.108467
0.112300
0.108939
0.110063
0.103691
0.104075
0.108884
0.104984
0.107182
0.111870
0.111288
0.111127
0.115054
0.108217
0.107653
0.107154
0.108000
0.106699
0.109647
0.108762
0.106883
0.105393
0.107697
0.105247
0.105384
0.104400
0.100054
0.107325
0.106549
0.110241
0.108493
0.102832
0.101895
0.102016
0.100902
0.105436
0.107439
0.107212
0.103306
0.098024
0.103807
0.098352
0.108608
0.101582
0.102034
0.104039
0.104023
0.105910
0.106830
0.103600
0.103493
0.101073
0.103690
0.110224
0.103804
0.104993
0.105389
0.105493
0.108771
0.104491
0.102402
0.107331
0.103274
0.100818
0.098962
0.100745
0.097653
0.103709
0.098506
0.102149
0.104028
0.103320
0.102072
0.106134
0.098978
0.098425
0.100225
0.098635
0.108388
0.105024
0.105480
0.106229
0.112451
0.106978
0.108066
0.105585
0.105349
0.104904
0.103151
0.100931
0.102472
0.103330
0.100649
0.103665
0.102804
0.104438
0.101660
0.101122
0.109853
0.105610
0.111691
0.098218
0.096073
0.096111
0.098122
0.096947
0.102149
0.098725
0.099407
0.096344
0.096436
0.104260
0.099694
0.101744
0.102077
0.102877
0.103261
0.102510
0.096740
0.098385
0.104542
0.101818
0.101945
0.098529
0.093559
0.098555
0.097058
0.103673
0.103214
0.099334
0.106185
0.100313
0.096843
0.099460
0.097273
0.096136
0.099002
0.098346
0.101059
0.095788
0.097569
0.098047
0.101953
0.100810
0.097288
0.096975
0.105228
0.101623
0.095042
0.098812
0.107690
0.098001
0.098915
0.097655
0.098889
0.093966
0.098088
0.097349
0.100998
0.096976
0.100032
0.103704
0.100272
0.090668
0.093067
0.092987
0.101994
0.099390
0.095164
0.098431
0.092625
0.093484
0.097035
0.096745
0.099517
0.100593
0.104658
0.104796
0.094267
0.099457
0.099355
0.097129
0.088883
0.096767
0.096524
0.095832
0.091375
0.099063
0.098431
0.089517
0.097773
0.096172
0.099143
0.096019
0.100559
0.095170
0.096668
0.097278
0.095544
0.094480
0.095016
0.096345
0.091499
0.097431
0.096645
0.095598
0.093704
0.093431
0.091315
0.098010
0.097883
0.102361
0.094686
0.093806
0.093838
0.096352
0.096665
0.093069
0.091250
0.099983
0.089033
0.096925
0.100988
0.095163
0.095376
0.092848
0.091581
0.096665
0.091961
0.093593
0.100374
0.095912
0.093280
0.088102
0.094547
0.091164
0.092018
0.089552
0.101626
0.093757
0.094867
0.090101
0.091691
0.094983
0.090708
0.099920
0.091758
0.096223
0.087367
0.092909
0.100200
0.094600
0.094085
0.098513
0.100327
0.088243
0.099885
0.093738
0.099036
0.097983
0.089738
0.095069
0.096449
0.092914
0.092296
0.093632
0.086565
0.095823
0.094296
0.090831
0.097950
0.094405
0.095112
0.088968
0.090659
0.089765
0.093725
0.086138
0.094452
0.095165
0.095012
0.091294
0.095836
0.083821
0.092932
0.089269
0.088566
0.092111
0.099155
0.090747
0.090476
0.095479
0.093509
0.091433
0.090009
0.093711
0.088823
0.090059
0.088258
0.090489
0.095500
0.094135
0.087471
0.087768
0.088872
0.088150
0.095552
0.092737
0.093347
0.080751
0.095524
0.091661
0.097060
0.089267
0.084640
0.086816
0.093258
0.089982
0.087944
0.083776
0.091559
0.087757
0.091388
0.087964
0.091928
0.092481
0.084795
0.088956
0.090883
0.091772
0.091764
0.088121
0.092473
0.083586
0.086227
0.086684
0.092140
0.088608
0.088392
0.084619
0.087996
0.085508
0.091157
0.084584
0.088160
0.087585
0.085145
0.088116
0.094727
0.088755
0.084692
0.093398
0.082304
0.089765
0.085581
0.088267
0.085260
0.089325
0.087375
0.087962
0.088948
0.089404
0.086542
0.085771
0.088015
0.088695
0.083121
0.088625
0.090469
0.079489
0.085928
0.085347
0.083018
0.090076
0.087797
0.082488
0.086875
0.085572
0.080630
0.085157
0.088159
0.085922
0.088125
0.093060
0.080055
0.089411
0.080957
0.082764
0.084610
0.092134
0.084132
0.085523
0.088718
0.086289
0.081615
0.079848
0.087748
0.086475
0.081947
0.083436
0.077549
0.081959
0.079446
0.079888
0.082759
0.080125
0.086033
0.082724
0.078292
0.075850
0.076316
0.078874
0.077583
0.085547
0.076971
0.081746
0.085613
0.076251
0.088565
0.082569
0.080540
0.080407
0.081779
0.083311
0.085716
0.079891
0.075394
0.078607
0.085385
0.083660
0.081852
0.078546
0.078022
0.084129
0.079382
0.079973
0.085972
0.080284
0.083427
0.079580
0.081421
0.075278
0.078478
0.079118
0.079149
0.078896
0.082148
0.079987
0.084460
0.074735
0.079575
0.075311
0.076617
0.075669
0.077375
0.081442
0.074993
0.076637
0.075666
0.079812
0.080181
0.075516
0.079457
0.080505
0.079109
0.078552
0.079637
0.076348
0.074947
0.069719
0.077224
0.082752
0.070091
0.073443
0.073746
0.078766
0.078241
0.071931
0.075301
0.079642
0.071260
0.068910
0.070469
0.078187
0.076265
0.080097
0.073163
0.074477
0.071261
0.072841
0.073046
0.074521
0.070459
0.073255
0.069588
0.069758
0.069342
0.069101
0.076159
0.070376
0.072433
0.072363
0.071633
0.068382
0.074635
0.072078
0.066060
0.070518
0.068072
0.070135
0.065519
0.069740
0.073661
0.070242
0.067315
0.068073
0.069689
0.070096
0.075499
0.074526
0.073849
0.071552
0.067731
0.064111
0.067289
0.071368
0.066687
0.070307
0.068071
0.068080
0.064065
0.070798
0.063687
0.066773
0.068119
0.065957
0.069636
0.063007
0.071407
0.064053
0.066308
0.070613
0.071436
0.066881
0.068846
0.066870
0.063693
0.063465
0.069824
0.072526
0.070468
0.066006
0.067870
0.064677
0.071151
0.065917
0.064401
0.066659
0.063149
0.063546
0.065937
0.063427
0.069662
0.070216
0.070358
0.063680
0.060933
0.069160
0.066792
0.068189
0.068182
0.064895
0.062020
0.065938
0.066159
0.065008
0.067786
0.066011
0.068189
0.057716
0.062109
0.067714
0.062864
0.060984
0.066478
0.065679
0.059194
0.066625
0.064444
0.058472
0.058266
0.060317
0.064610
0.062564
0.059089
0.062987
0.065145
0.063844
0.058464
0.063380
0.063393
0.065125
0.062574
0.061060
0.066049
0.057549
0.060432
0.058567
0.058471
0.066185
0.054809
0.063079
0.056413
0.060507
0.060833
0.060827
0.056022
0.056870
0.061298
0.059703
0.057255
0.059859
0.057712
0.063928
0.066581
0.058072
0.061410
0.061247
0.061032
0.057118
0.056132
0.057881
0.059529
0.054710
0.056287
0.061432
0.054981
0.059473
0.056162
0.063643
0.062135
0.055748
0.059039
0.059386
0.056142
0.053116
0.054969
0.058117
0.054256
0.055364
0.058919
0.055580
0.055733
0.057014
0.053812
0.057964
0.051744
0.060307
0.055980
0.053755
0.054153
0.053573
0.056924
0.055516
0.052668
0.056158
0.052511
0.059362
0.057924
0.052421
0.052169
0.051256
0.049282
0.055554
0.053080
0.051355
0.049689
0.049674
0.055035
0.053348
0.051917
0.048798
0.052886
0.056650
0.051590
0.054394
0.055440
0.058459
0.050725
0.053343
0.054578
0.050023
0.051419
0.050289
0.051720
0.054331
0.052499
0.046515
0.050077
0.052029
0.051529
0.050456
0.050237
0.052575
0.050570
0.050633
0.046971
0.048332
0.049259
0.052940
0.049666
0.049878
0.048139
0.052533
0.047346
0.049328
0.052608
0.052959
0.051927
0.045352
0.049927
0.046119
0.045895
0.053574
0.049580
0.047968
0.049156
0.046059
0.048349
0.048077
0.047493
0.045985
0.046196
0.046785
0.047289
0.051481
0.045074
0.049738
0.049125
0.047718
0.049073
0.046081
0.046437
0.045905
0.047845
0.048468
0.043518
0.046102
0.048988
0.046458
0.045313
0.046119
0.045346
0.046424
0.046879
0.047538
0.042163
0.044483
0.049498
0.046621
0.045564
0.047281
0.046637
0.044886
0.048201
0.048820
0.048410
0.049059
0.052597
0.046013
0.044551
0.047102
0.048097
0.048012
0.042056
0.045467
0.044027
0.045562
0.048201
0.048177
0.045586
0.041361
0.044839
0.044427
0.043861
0.045810
0.045394
0.040387
0.044768
0.047169
0.043872
0.040500
0.043588
0.041138
0.044779
0.044544
0.044391
0.046114
0.043766
0.046048
0.044265
0.042387
0.043756
0.039436
0.043387
0.045999
0.039904
0.044258
0.039872
0.040301
0.042562
0.040903
0.045043
0.040635
0.039724
0.042579
0.039913
0.041126
0.041797
0.040142
0.042784
0.038644
0.043172
0.046285
0.041795
0.042470
0.042025
0.039674
0.040769
0.044636
0.043502
0.041903
0.044216
0.042240
0.041666
0.040744
0.039307
0.043069
0.041750
0.041384
0.043804
0.041273
0.038827
0.042546
0.042022
0.044456
0.044250
0.039284
0.044041
0.040557
0.042739
0.040424
0.039298
0.043294
0.039353
0.045822
0.043307
0.044228
0.048196
0.050069
0.051572
0.051856
0.055986
0.058626
0.057564
0.046390
0.047682
0.047172
0.050718
0.049155
0.045202
0.046030
0.045536
0.048959
0.043291
0.045145
0.044787
0.042136
0.046546
0.040466
0.041991
0.042664
0.049668
0.049340
0.054334
0.050049
0.045472
0.043910
0.047022
0.046983
0.042444
0.043561
0.042092
0.042973
0.042799
0.040335
0.042254
0.045479
0.048740
0.044196
0.043186
0.043878
0.043904
0.043100
0.040422
0.045835
0.043313
0.045953
0.043709
0.044039
0.038351
0.042732
0.042614
0.040302
0.042215
0.037484
0.041361
0.039957
0.038072
0.036651
0.039674
0.039846
0.039090
0.041250
0.042089
0.039874
0.039678
0.040011
0.036918
0.040467
0.039007
0.036211
0.040931
0.039455
0.038949
0.042090
0.038611
0.043655
0.044418
0.044212
0.041064
0.040304
0.040553
0.040768
0.041421
0.039726
0.040985
0.037217
0.039059
0.038645
0.035729
0.037701
0.038941
0.038252
0.038329
0.036538
0.039297
0.039481
0.039615
0.038813
0.038882
0.037202
0.036980
0.038681
0.034794
0.034657
0.037453
0.036711
0.035840
0.038054
0.037290
0.037357
0.035794
0.036790
0.035271
0.041020
0.035451
0.037788
0.034936
0.037106
0.036081
0.036644
0.035468
0.035946
0.035958
0.034893
0.038160
0.040485
0.037056
0.036339
0.038574
0.033874
0.038459
0.035350
0.036437
0.041653
0.035153
0.035450
0.033924
0.035673
0.032873
0.037420
0.034924
0.036878
0.032499
0.032529
0.035841
0.038383
0.034425
0.034845
0.034936
0.038306
0.036029
0.037217
0.032678
0.035505
0.035012
0.034471
0.037619
0.033554
0.037492
0.035087
0.036719
0.036548
0.035641
0.035532
0.038959
0.032693
0.034942
0.033632
0.036059
0.035911
0.036344
0.033315
0.035111
0.035823
0.035511
0.033952
0.035683
0.034431
0.035808
0.034312
0.032478
0.034044
0.032597
0.035814
0.034142
0.035331
0.037260
0.033764
0.035514
0.032289
0.032834
0.031584
0.032962
0.035086
0.035182
0.032285
0.031076
0.034584
0.033943
0.036351
0.033889
0.031501
0.036643
0.034713
0.031232
0.034527
0.033058
0.031359
0.031875
0.031522
0.033961
0.030907
0.033996
0.032586
0.033862
0.034129
0.032517
0.033090
0.034918
0.034313
0.035157
0.033006
0.034318
0.034147
0.031439
0.034129
0.033859
0.029308
0.033964
0.033912
0.033931
0.029967
0.033562
0.032409
0.030166
0.031043
0.034103
0.028217
0.029705
0.032750
0.030638
0.031815
0.033652
0.031047
0.030370
0.029318
0.032240
0.031591
0.032554
0.028761
0.032314
0.030536
0.030077
0.034907
0.033414
0.034151
0.031660
0.031587
0.030136
0.032385
0.030729
0.029844
0.035638
0.032409
0.033024
0.032131
0.030032
0.031931
0.032240
0.032669
0.029497
0.032327
0.031911
0.032722
0.028327
0.033687
0.032882
0.030608
0.030884
0.031982
0.030791
0.030479
0.032592
0.031868
0.031434
0.029597
0.032169
0.031497
0.028899
0.031624
0.030834
0.030044
0.029521
0.034233
0.029573
0.031514
0.030321
0.029167
0.033112
0.028651
0.027190
0.031051
0.031507
0.028785
0.030395
0.030289
0.031073
0.031358
0.030823
0.033098
0.029090
0.029145
0.028810
0.031125
0.029860
0.030970
0.031473
0.031500
0.030372
0.030527
0.031061
0.030327
0.030318
0.029807
0.029714
0.027895
0.028549
0.031088
0.030199
0.029848
0.031429
0.030584
0.027584
0.028986
0.031456
0.031812
0.030890
0.029066
0.032925
0.031802
0.029125
0.030094
0.029413
0.030630
0.030851
0.030240
0.027622
0.031252
0.027236
0.029045
0.028920
0.029873
0.031928
0.031940
0.030309
0.029816
0.032183
0.028846
0.031182
0.027587
0.025835
0.028914
0.029003
0.029973
0.029169
0.030315
0.029948
0.030287
0.027851
0.029651
0.025547
0.028480
0.031753
0.028105
0.029662
0.029020
0.032138
0.029429
0.028863
0.027819
0.028131
0.027287
0.025563
0.028739
0.025266
0.030172
0.028821
0.030638
0.029854
0.031179
0.027030
0.028891
0.028308
0.026678
0.031895
0.029253
0.030031
0.027630
0.029435
0.030271
0.030755
0.028846
0.028690
0.027160
0.029832
0.030756
0.028514
0.029130
0.030411
0.029969
0.027447
0.029298
0.028875
0.026875
0.029073
0.029330
0.030578
0.027668
0.027104
0.026807
0.028241
0.030703
0.028403
0.029319
0.027023
0.029986
0.028346
0.027933
0.027564
0.026750
0.025746
0.029170
0.027908
0.027334
0.026496
0.025576
0.029127
0.027795
0.028759
0.027236
0.025474
0.027003
0.027974
0.025620
0.026922
0.026958
0.028695
0.026595
0.028798
0.028947
0.028469
0.027093
0.027606
0.027538
0.029628
0.027099
0.028279
0.027303
0.025387
0.024567
0.026422
0.029088
0.029311
0.025849
0.026345
0.029899
0.027902
0.027092
0.026112
0.027428
0.024090
0.027580
0.026679
0.025567
0.025696
0.026402
0.026819
0.026769
0.028233
0.027629
0.027420
0.025871
0.028367
0.025420
0.027531
0.022319
0.027073
0.029782
0.026023
0.025117
0.025938
0.029968
0.025453
0.027234
0.027374
0.025545
0.028018
0.025099
0.027370
0.027623
0.025277
0.028061
0.025952
0.026544
0.027119
0.027260
0.027907
0.028459
0.026288
0.026710
0.028629
0.027351
0.027107
0.026153
0.026385
0.026786
0.026285
0.025862
0.027453
0.024404
0.028605
0.026393
0.027759
0.023939
0.026933
0.026839
0.025922
0.025584
0.024057
0.024840
0.027660
0.028384
0.026446
0.027478
0.028188
0.026819
0.025385
0.027351
0.025824
0.026109
0.026881
0.025602
0.025504
0.027042
0.023828
0.026360
0.027342
0.027219
0.024989
0.026096
0.026221
0.026918
0.026623
0.025663
0.025719
0.027558
0.026112
0.026292
0.026348
0.024783
0.024382
0.025240
0.022595
0.027849
0.026190
0.025554
0.024671
0.024872
0.027752
0.024405
0.025844
0.026720
0.023150
0.023566
0.028498
0.023545
0.024164
0.027199
0.025325
0.025874
0.029119
0.026598
0.029022
0.024200
0.022982
0.026840
0.027523
0.026010
0.024584
0.027090
0.025218
0.024824
0.024274
0.027138
0.026668
0.025839
0.025293
0.026869
0.024860
0.025270
0.025710
0.028183
0.021314
0.023486
0.027015
0.028058
0.023196
0.023357
0.026479
0.028121
0.026558
0.027547
0.023391
0.029587
0.024016
0.024665
0.024956
0.025193
0.025685
0.024445
0.024089
0.025887
0.026146
0.024053
0.025333
0.023233
0.023484
0.027048
0.024605
0.028893
0.023621
0.023429
0.024212
0.025027
0.022736
0.023520
0.024296
0.024789
0.025041
0.023463
0.025309
0.025054
0.026221
0.025614
0.023810
0.024736
0.025735
0.025160
0.024945
0.021090
0.024463
0.022083
0.022866
0.024178
0.024963
0.023046
0.023958
0.024119
0.025018
0.021869
0.024346
0.024744
0.024168
0.027346
0.024911
0.023314
0.024020
0.023857
0.023606
0.024046
0.024250
0.025724
0.022425
0.023049
0.026337
0.025251
0.025065
0.024163
0.024326
0.026344
0.022818
0.026392
0.024085
0.023607
0.025309
0.024896
0.023308
0.023803
0.024384
0.022722
0.023343
0.025749
0.024431
0.022309
0.024492
0.024250
0.024310
0.023479
0.021643
0.022113
0.025246
0.023404
0.024719
0.023053
0.022442
0.024183
0.023829
0.024101
0.021796
0.024217
0.023869
0.023876
0.021928
0.024050
0.024319
0.025725
0.022730
0.026276
0.023047
0.025783
0.024443
0.022791
0.024515
0.021782
0.024376
0.023180
0.023153
0.023370
0.026033
0.025367
0.023742
0.023058
0.025744
0.024088
0.024059
0.021864
0.023393
0.024239
0.024134
0.024041
0.022766
0.024642
0.023025
0.023682
0.023475
0.023597
0.024117
0.022944
0.026368
0.022552
0.022686
0.022957
0.024596
0.023002
0.025242
0.021129
0.022040
0.025203
0.023213
0.024021
0.023249
0.023578
0.020398
0.024581
0.026046
0.024449
0.022151
0.022711
0.024113
0.022601
0.021945
0.021453
0.021587
0.023643
0.020973
0.020928
0.022484
0.021039
0.022333
0.024643
0.023387
0.022442
0.024060
0.023408
0.025573
0.021698
0.025146
0.025131
0.024135
0.022986
0.023205
0.022340
0.021040
0.022976
0.022550
0.025038
0.024054
0.022623
0.020544
0.024587
0.021690
0.022228
0.024635
0.021807
0.024120
0.021416
0.022788
0.021558
0.022639
0.019417
0.025662
0.023703
0.023459
0.023596
0.024305
0.021289
0.021521
0.020889
0.022266
0.020704
0.022276
0.022384
0.021012
0.021260
0.022061
0.021169
0.023764
0.022662
0.021748
0.025234
0.023872
0.021027
0.022542
0.022948
0.021375
0.022123
0.022136
0.021995
0.024067
0.023625
0.021106
0.022089
0.022943
0.024181
0.022663
0.025423
0.022978
0.024870
0.022742
0.022068
0.025191
0.023217
0.022232
0.020214
0.024144
0.022161
0.023335
0.022434
0.020656
0.022684
0.023642
0.022745
0.023354
0.023733
0.021755
0.022339
0.022442
0.023509
0.020877
0.022360
0.021272
0.021465
0.021893
0.023662
0.023364
0.023246
0.023787
0.024186
0.020862
0.019875
0.021227
0.022001
0.022926
0.023964
0.022588
0.021536
0.023529
0.023029
0.022152
0.022699
0.022612
0.020996
0.021859
0.023119
0.021292
0.024406
0.020933
0.019936
0.021586
0.020763
0.021455
0.021773
0.022803
0.022721
0.021995
0.023471
0.022747
0.022682
0.021920
0.021128
0.021802
0.021583
0.025437
0.022459
0.021636
0.022042
0.023574
0.022229
0.021517
0.022646
0.021934
0.021522
0.023352
0.021249
0.021800
0.022996
0.022990
0.021967
0.020767
0.022670
0.021960
0.021460
0.023277
0.025304
0.020610
0.021876
0.021241
0.021580
0.021484
0.024281
0.022602
0.023252
0.020141
0.023414
0.022614
0.023103
0.020467
0.022587
0.022731
0.020724
0.022610
0.024159
0.021930
0.022434
0.021716
0.023460
0.023098
0.023003
0.019671
0.023414
0.025235
0.021085
0.022436
0.021609
0.019944
0.024087
0.023094
0.022313
0.021594
0.026014
0.020591
0.022507
0.021819
0.022124
0.022362
0.021876
0.020911
0.022483
0.020131
0.020837
0.022723
0.025186
0.022009
0.020573
0.020636
0.022374
0.022713
0.025046
0.022929
0.022175
0.019899
0.021589
0.021229
0.023320
0.020938
0.022585
0.020514
0.021113
0.020890
0.022840
0.021629
0.022014
0.023103
0.024258
0.023681
0.021193
0.023177
0.022829
0.019097
0.020627
0.021393
0.021344
0.022583
0.020963
